515 15779
1016 15853
1505 4886
2008 7626
2513 13377
3012 12536
3512 12805
4013 12866
4513 13464
5002 2474
5504 4599
6005 5360
6506 7036
7004 4969
7505 5217
8012 12344
8503 3694
9013 13046
9512 12663
10013 13599
10502 2534
11015 14478
11512 12960
12013 13618
12512 12852
13013 12575
13502 2488
14012 12597
14513 12818
15012 12964
15506 6532
16015 14651
16512 12179
17012 12717
17505 4927
18003 2828
18513 12466
19005 5254
19514 14630
20003 3159
20515 15319
21011 11676
21513 13414
22003 3441
22506 6150
23012 11957
23512 12258
24002 2973
24514 14739
25015 14747
25512 12772
26014 14249
26513 13844
27005 4822
27503 2803
28015 15495
28503 2759
29012 12072
29512 13095
30014 13387
30513 13286
31012 12818
31512 12225
32012 12332
32515 15341
33015 15468
33515 15764
34016 15625
34513 13676
35012 12217
35512 12401
36012 12913
36512 12039
37014 13477
37513 13232
38014 14614
38516 15867
39015 15125
39512 12667
40016 16208
40505 5067
41012 12509
41503 2479
42003 3885
42515 15248
43013 13977
43503 2350
44013 13209
44513 13634
45015 14733
45504 5037
46013 14037
46514 14791
47013 13331
47514 14405
48012 13153
48513 12532
49012 12262
49512 12281
50013 13272
50513 12427
51012 12758
51513 13010
52013 13173
52512 13049
53014 14029
53516 15363
54012 12121
54512 12385
55013 13308
55513 13063
56012 12420
56512 12646
57003 2990
57512 12825
58015 15327
58502 2469
59002 2917
59513 13970
60014 14049
60514 14142
61012 12875
61503 4016
62009 9452
62503 3339
63002 2810
63506 6011
64005 4695
64513 13380
65010 10601
65513 13754
66004 4380
66502 2371
67002 2604
67515 15135
68004 4283
68514 14594
69012 12239
69514 15060
70009 10098
70502 2660
71008 7784
71513 13622
72014 14284
72515 15368
73012 13073
73513 13068
74012 12262
74513 13200
75004 3915
75515 14932
76012 12286
76513 13653
77002 2622
77513 13832
78013 13034
78512 12523
79012 12742
79515 15224
80012 12568
80503 4059
81014 14705
81504 4590
82014 14193
82509 9964
83013 13111
83514 13771
84002 2509
84513 13528
85013 13313
85512 12873
86006 6592
86513 13703
87012 12198
87502 2779
88014 13583
88521 21955
89013 12859
89512 12564
90016 15743
90512 12618
91012 12109
91513 13379
92013 13866
92514 13691
93012 12865
93513 12446
94013 13963
94512 12797
95013 13010
95512 12233
96013 12754
96511 11961
97016 16253
97512 12647
98009 9061
98503 3747
99014 14177
99513 13064
100012 12391
