516 1259
1017 1036
1505 406
2008 510
2515 1028
3013 958
3514 1052
4014 969
4514 959
5002 217
5504 322
6006 403
6507 566
7005 501
7505 407
8014 961
8503 233
9014 905
9513 932
10014 885
10502 279
11016 973
11513 1001
12014 967
12513 998
13014 1217
13502 273
14013 872
14514 896
15014 1068
15506 542
16016 821
16513 976
17013 1049
17505 323
18003 291
18514 855
19005 465
19515 929
20003 328
20516 879
21012 820
21514 857
22003 267
22506 632
23013 969
23513 959
24003 265
24515 1012
25016 984
25513 949
26016 1068
26514 1246
27005 339
27503 297
28017 1697
28503 279
29013 994
29514 948
30015 933
30514 954
31013 848
31513 970
32013 1046
32516 1057
33016 1109
33516 994
34017 928
34514 879
35013 951
35513 1058
36013 978
36513 853
37015 988
37514 1118
38015 1241
38517 783
39016 1138
39513 1063
40017 931
40506 542
41013 1048
41503 336
42004 390
42516 1014
43015 942
43503 308
44014 962
44514 1112
45016 995
45505 539
46015 943
46515 972
47014 1136
47516 1063
48014 997
48514 875
49013 806
49513 856
50014 905
50514 927
51013 883
51514 1083
52014 874
52513 851
53015 1154
53517 1171
54013 974
54513 1121
55014 846
55515 1137
56013 1041
56513 964
57003 298
57513 844
58016 872
58502 301
59003 294
59514 833
60015 887
60515 926
61014 1074
61504 270
62009 556
62503 320
63002 186
63506 358
64005 327
64515 979
65011 678
65514 878
66004 235
66502 256
67002 233
67516 918
68005 314
68515 699
69013 827
69516 1119
70010 930
70502 240
71009 680
71514 876
72015 914
72516 805
73013 906
73514 951
74014 1008
74513 845
75005 331
75516 889
76013 1095
76514 807
77002 267
77514 968
78015 1131
78513 930
79013 994
79517 1102
80013 573
80504 356
81015 891
81504 292
82015 907
82510 573
83014 835
83515 982
84002 295
84514 932
85014 977
85513 426
86007 442
86514 1057
87013 858
87502 218
88015 1054
88522 879
89014 953
89513 1075
90017 615
90513 931
91013 567
91514 887
92014 1001
92515 849
93013 1041
93514 899
94014 916
94513 921
95014 1215
95513 831
96014 1168
96513 1072
97017 1042
97513 909
98009 711
98503 281
99015 749
99514 790
100013 1038
