514 1064
1013 836
1513 7173
2025 6024
2513 1001
3014 1011
3524 8709
4046 6693
4514 1079
5047 5652
5513 870
6014 956
6529 15755
7013 810
7528 15404
8029 4778
8516 592
9051 6731
9502 172
10032 3596
10502 245
11017 1065
11526 12320
12014 981
12530 14460
13048 5629
13504 390
14016 949
14529 14964
15046 5598
15516 1742
16014 886
16528 14226
17042 5207
17513 971
18016 912
18530 17602
19006 404
19531 16606
20017 1080
20513 5649
21025 3973
21505 393
22010 749
22525 11903
23035 4558
23509 504
24012 887
24528 14872
25047 5724
25514 851
26017 2008
26527 15870
27035 4537
27521 889
28012 821
28530 16480
29045 5006
29514 808
30052 7093
30518 880
31041 5646
31518 975
32049 5295
32515 1066
33015 860
33522 10032
34014 1095
34507 4008
35015 810
35535 20272
36048 4851
36515 885
37043 5074
37515 845
38042 6026
38516 1281
39003 288
39526 13160
40049 4453
40514 1043
41016 942
41527 11848
42063 13861
42514 976
43003 256
43516 7096
44014 972
44519 10778
45005 252
45505 2841
46014 862
46527 13495
47019 2809
47519 753
48010 615
48528 15084
49048 5840
49515 936
50003 314
50507 4220
51020 863
51533 15799
52019 2932
52518 990
53014 994
53535 18202
54041 5523
54514 992
55015 1031
55521 9747
56004 245
56530 14193
57052 5637
57514 2345
58008 595
58527 14781
59043 5419
59513 862
60051 4607
60506 577
61014 1016
61509 4710
62038 5741
62510 720
63043 4583
63514 1012
64039 4849
64511 674
65044 6679
65511 737
66010 705
66511 6122
67012 3213
67515 969
68054 6629
68514 842
69016 976
69527 14803
70014 953
70527 14841
71014 850
71517 9423
72014 982
72528 14522
73018 939
73510 5077
74014 955
74529 13436
75045 5329
75518 1126
76047 3993
76512 631
77003 227
77531 12479
78004 322
78530 13144
79016 932
79527 14352
80046 4136
80513 950
81016 968
81530 16873
82015 861
82529 15772
83051 5411
83514 852
84013 3115
84503 280
85043 6508
85515 810
86017 757
86536 20536
87015 833
87527 14546
88045 5487
88515 1085
89012 2928
89513 1082
90004 436
90533 19175
91016 878
91529 17514
92055 8450
92514 1006
93015 1027
93529 15048
94049 6690
94515 1130
95015 982
95530 16824
96003 340
96508 4386
97049 6414
97504 268
98016 1027
98531 15796
99014 979
99531 12815
100053 5283
