513 12937
1012 11967
1505 5158
2007 6977
2512 12098
3013 12914
3515 14465
4014 13579
4512 12917
5013 12126
5512 12255
6012 11982
6513 13578
7012 12321
7512 12068
8004 4934
8516 16185
9013 13326
9502 2701
10010 9992
10502 2399
11015 15904
11514 14268
12013 13619
12515 15687
13014 14774
13504 4342
14015 15354
14514 13087
15015 14087
15514 14466
16013 13586
16513 13811
17014 13971
17512 12413
18015 14367
18512 13011
19005 5569
19515 15149
20016 15560
20507 7350
21004 3462
21505 5211
22009 9507
22513 13597
23012 12965
23508 7875
24011 11176
24513 13140
25013 12790
25513 12496
26015 15437
26511 11051
27014 13141
27520 19544
28011 11371
28513 13747
29010 10885
29513 13326
30013 13223
30517 17171
31012 12868
31516 16038
32012 11902
32513 13160
33014 13385
33511 11028
34013 12872
34503 3668
35014 14316
35514 14852
36014 13231
36514 13838
37013 12384
37514 14206
38017 16269
38515 15574
39003 2836
39513 13648
40014 13463
40513 13585
41014 15007
41515 15863
42016 16085
42512 12941
43003 2766
43509 9168
44012 12986
44509 8274
45005 5033
45502 2374
46013 12524
46514 13414
47002 2373
47519 18109
48009 8846
48513 13436
49013 13790
49514 13560
50003 2980
50503 3212
51019 18849
51517 17922
52002 2667
52517 17312
53012 12905
53517 16337
54014 14276
54513 13568
55014 14410
55511 10314
56004 3314
56515 14993
57015 15204
57512 12234
58007 7995
58512 12521
59013 13944
59512 12791
60016 15409
60506 6244
61013 12829
61504 3650
62009 8592
62509 9902
63012 12798
63513 12550
64013 13917
64510 9965
65010 10935
65510 9742
66009 9718
66505 4749
67002 2374
67514 13034
68015 15471
68513 13082
69015 14372
69512 12490
70013 13374
70512 12167
71013 12706
71508 8417
72013 12750
72513 13432
73017 16020
73505 5105
74013 13694
74515 15584
75015 14881
75516 16090
76015 15637
76511 11343
77003 2485
77518 18474
78003 3488
78517 17153
79015 15171
79512 12814
80014 14267
80512 12274
81015 15779
81513 13202
82014 14669
82514 13869
83015 14971
83513 13823
84002 2428
84503 2676
85014 14800
85514 14165
86016 15423
86515 15032
87014 14145
87513 13097
88013 13536
88514 13726
89003 2676
89512 12345
90004 4502
90513 13866
91015 14990
91511 11972
92013 13192
92513 12751
93014 14475
93513 13981
94014 13367
94514 13284
95013 13888
95513 13736
96003 3460
96503 3572
97012 12867
97504 3656
98015 14774
98515 14555
99013 13325
99518 17900
100012 12336
