514 14937
1014 14550
1503 4735
2005 6368
2514 14376
3011 11424
3513 14388
4013 14005
4502 2979
5003 3342
5514 15024
6001 2751
6502 2728
7004 4633
7516 16645
8001 2354
8504 5078
9013 13464
9505 6359
10007 7785
10510 10469
11013 13274
11511 12364
12004 4731
12513 13411
13013 14012
13514 14571
14013 13750
14515 16029
15014 14858
15513 13303
16015 15376
16514 14601
17014 14533
17514 14618
18003 4928
18514 14371
19005 6500
19512 13084
20004 5331
20512 13472
21012 12963
21511 12393
22005 5851
22515 15494
23001 2773
23512 13116
24015 15702
24512 13045
25012 12764
25512 12909
26014 14803
26509 9823
27010 11259
27515 15823
28001 2651
28503 3810
29002 2973
29501 2460
30012 12593
30501 2811
31012 12722
31512 13124
32015 16071
32512 13144
33014 15120
33512 13503
34011 12056
34515 15698
35015 15672
35506 6517
36012 12961
36501 2513
37015 15256
37502 2714
38013 14256
38502 3160
39015 15967
39514 15173
40011 12655
40501 2640
41001 2315
41511 11862
42002 3148
42503 4729
43006 7036
43504 4818
44014 14661
44514 14338
45011 12336
45511 12113
46011 11990
46511 12282
47012 12866
47515 15041
48011 11680
48511 12187
49004 4699
49504 5518
50003 3904
50506 7267
51015 16018
51511 11887
52002 2637
52506 7080
53013 14107
53516 16834
54007 8212
54507 7519
55002 2915
55503 3413
56012 13002
56502 3072
57013 14347
57512 13050
58013 13779
58513 14087
59013 13902
59511 12118
60013 13940
60507 8224
61008 8887
61512 12846
62013 14329
62512 12720
63012 13248
63512 12581
64007 8295
64514 15167
65001 2376
65510 10607
66003 4571
66514 14437
67011 11828
67512 12913
68013 13736
68504 4875
69011 12389
69504 4904
70009 9824
70503 3925
71014 14987
71502 3092
72002 2638
72502 2846
73003 4030
73505 5397
74008 8913
74501 2360
75007 7740
75514 14751
76013 13288
76516 16433
77018 18937
77507 7830
78008 8507
78508 9023
79014 14217
79513 13449
80012 12779
80512 12963
81005 5843
81510 11189
82003 4867
82503 4224
83002 2335
83511 11976
84013 13937
84513 13660
85007 8293
85501 2469
86008 8683
86506 6452
87010 10472
87512 12682
88003 3696
88513 13829
89011 12560
89513 14286
90003 4247
90503 3769
91012 12559
91512 13094
92001 2343
92513 13338
93002 2996
93514 14295
94001 2603
94513 14120
95013 13507
95504 4410
96013 13784
96513 14266
97001 2564
97504 5113
98001 2388
98513 13662
99008 8509
99501 2257
100012 13360
