515 948
1014 574
1511 7657
2006 511
2529 15256
3011 749
3528 14417
4014 872
4505 2849
5015 3716
5515 916
6002 207
6505 2814
7018 5974
7516 899
8002 206
8512 8165
9030 13484
9506 469
10019 9590
10511 698
11014 960
11527 15298
12004 340
12527 13722
13033 15437
13515 928
14014 1199
14530 14527
15041 14528
15514 823
16016 956
16529 15501
17039 15714
17515 948
18004 599
18527 13212
19006 455
19529 16456
20017 4674
20513 1058
21036 14339
21512 816
22005 407
22525 10121
23013 3063
23514 1045
24016 934
24525 12616
25038 16664
25513 934
26015 611
26520 10490
27027 7770
27516 945
28002 253
28507 4134
29014 4305
29502 258
30031 9235
30502 189
31013 1026
31528 15804
32016 924
32526 13889
33015 1029
33527 15052
34012 890
34527 12347
35016 995
35516 10148
36034 12433
36502 317
37030 13049
37502 235
38014 933
38506 4145
39016 897
39529 14441
40012 882
40504 2810
41014 3206
41512 897
42017 6640
42504 212
43007 297
43508 4299
44015 1044
44531 17380
45036 14979
45512 840
46012 917
46530 18380
47013 884
47528 13090
48030 14764
48512 496
49018 5634
49505 389
50003 297
50511 4561
51016 828
51524 12712
52008 3414
52507 546
53015 1788
53529 13242
54024 8364
54507 588
55013 3366
55503 333
56013 895
56506 3717
57031 13791
57513 815
58030 14792
58514 873
59032 9218
59512 1237
60014 999
60517 10140
61025 14397
61513 1003
62034 10631
62513 1121
63033 11226
63513 1060
64008 734
64531 16980
65006 2940
65511 803
66004 357
66530 15990
67031 16077
67513 1004
68013 706
68510 5958
69013 970
69509 4884
70030 11990
70503 369
71029 5938
71502 305
72008 5288
72502 275
73003 317
73514 9196
74024 13187
74502 237
75008 563
75523 8394
76030 13451
76517 965
77036 13611
77508 547
78008 493
78516 7846
79015 931
79528 14735
80034 11369
80513 856
81018 10448
81511 554
82012 6268
82504 286
83002 323
83527 15326
84033 9947
84514 990
85020 4952
85502 200
86008 413
86513 7089
87029 10050
87513 1072
88009 4990
88514 1023
89037 16031
89514 882
90003 217
90508 4959
91036 14112
91513 863
92013 3207
92514 1107
93002 251
93528 14388
94014 4124
94514 962
95014 969
95508 4611
96030 13401
96514 1107
97013 3695
97504 372
98001 197
98530 17286
99022 11077
99501 207
100013 1088
