514 991
1019 3715
1503 360
2020 5216
2512 916
3014 785
3511 4995
4047 4626
4512 1792
5044 5378
5515 993
6013 3024
6514 1022
7014 941
7507 3957
8042 5852
8516 966
9013 1024
9508 5679
10003 287
10519 8147
11015 861
11530 16886
12022 1022
12527 13645
13039 6920
13516 943
14021 2775
14514 1094
15045 5289
15518 1000
16047 4888
16516 890
17045 6349
17515 859
18008 614
18529 15397
19050 6089
19507 517
20012 827
20529 15358
21015 757
21528 14620
22014 983
22521 7657
23014 913
23525 11597
24002 307
24505 3066
25004 375
25506 3112
26045 4702
26514 1003
27022 3515
27506 536
28043 5563
28514 860
29016 3647
29503 283
30008 517
30512 5607
31012 820
31521 10568
32015 1036
32527 10281
33005 470
33523 9295
34009 606
34512 4883
35038 8800
35504 331
36038 6300
36517 967
37014 1164
37526 13336
38004 370
38505 2631
39051 5381
39505 329
40014 873
40528 14843
41014 970
41527 14516
42023 965
42508 4647
43019 928
43517 9007
44052 7865
44520 1260
45015 868
45516 9420
46014 1315
46527 11354
47007 544
47526 13328
48010 920
48528 14298
49020 3476
49507 354
50018 926
50514 8139
51014 1071
51509 4508
52049 7090
52508 451
53007 570
53509 4638
54050 4881
54504 221
55018 3138
55514 960
56034 6803
56506 394
57013 1225
57520 11550
58045 6528
58506 530
59014 1095
59517 9278
60018 909
60513 7218
61003 174
61508 4427
62049 5567
62513 955
63048 5380
63516 863
64046 4520
64511 990
65047 6073
65516 936
66011 516
66532 17715
67017 1030
67525 12483
68014 962
68529 15211
69015 1067
69522 9987
70033 5291
70515 1143
71012 627
71529 16751
72043 5352
72517 1067
73013 825
73529 15365
74002 223
74533 17188
75039 4029
75511 590
76013 693
76523 9384
77042 4476
77517 1026
78013 957
78506 3328
79003 224
79534 19849
80015 1034
80509 4783
81005 382
81505 3180
82012 2950
82514 1010
83051 6421
83514 920
84013 765
84526 14207
85014 891
85527 14758
86013 823
86531 18245
87048 5279
87518 929
88051 6592
88515 1020
89054 5014
89515 901
90014 840
90531 16233
91002 239
91512 7358
92005 428
92516 7931
93002 256
93531 17456
94015 3426
94518 677
95013 922
95533 15964
96044 4740
96516 937
97047 6629
97516 854
98047 6478
98513 906
99046 5462
99513 1118
100044 6199
