513 13707
1002 2487
1503 3096
2004 4554
2511 10936
3013 13247
3506 6153
4013 13830
4510 10514
5016 15972
5514 14485
6003 3197
6513 13246
7013 12955
7503 3075
8010 10647
8515 14975
9012 12973
9503 3139
10003 3488
10510 10871
11014 14925
11513 13486
12020 20646
12514 13917
13008 8015
13515 14996
14004 4148
14512 13107
15012 13048
15517 17382
16016 16529
16515 15433
17013 13972
17514 14485
18007 7531
18513 13661
19013 13201
19506 6775
20011 11474
20513 14057
21014 14624
21514 13303
22013 12912
22513 13680
23013 13244
23513 13338
24002 2391
24502 2337
25003 4041
25503 3500
26014 14129
26513 13637
27004 4025
27506 6302
28012 12376
28513 13029
29003 3775
29503 3599
30007 7504
30506 6565
31011 11661
31510 11015
32013 13664
32517 17484
33005 4903
33514 14451
34008 8516
34507 7826
35009 9094
35504 3873
36012 12548
36515 15722
37012 12979
37513 12854
38004 4188
38502 2387
39013 13590
39505 4537
40013 13648
40513 13161
41013 13424
41512 12828
42022 22369
42503 3933
43018 17907
43508 8142
44014 14118
44519 18458
45014 14678
45507 7157
46012 12703
46516 16315
47006 6786
47513 13221
48009 9678
48513 13650
49002 3301
49507 7325
50017 16943
50505 5829
51012 13129
51504 4512
52008 8914
52508 8565
53006 6786
53504 4377
54012 13028
54503 3414
55002 2544
55513 12982
56006 6819
56505 5431
57012 12449
57508 8392
58015 16054
58505 5546
59012 12702
59507 7648
60017 17748
60506 6537
61003 2656
61503 3582
62013 14231
62512 12371
63012 12460
63515 15131
64014 13832
64510 9610
65014 14183
65515 15771
66010 10420
66514 13923
67016 16587
67512 12824
68013 13586
68514 14445
69014 14617
69512 12537
70013 13802
70514 14220
71011 11781
71512 12889
72013 13112
72516 16452
73012 12519
73514 13938
74002 2632
74516 15650
75012 12138
75510 10963
76012 12628
76513 13547
77011 11845
77516 15860
78012 12659
78503 3258
79003 3116
79514 14184
80013 13796
80504 4269
81004 4887
81502 2730
82002 2809
82512 12751
83011 12025
83513 12534
84012 12626
84512 12091
85013 12961
85512 12556
86012 12077
86512 12594
87011 11847
87517 17233
88013 13028
88514 14737
89015 15068
89514 14566
90013 13658
90515 14645
91002 2526
91504 4657
92004 5133
92508 8909
93002 2476
93513 13494
94003 3964
94517 17684
95012 11953
95517 17046
96013 13796
96515 15457
97013 13176
97515 15382
98012 12996
98512 11841
99012 12520
99512 11904
100014 13813
